[[[1,[1,6,0,10,10],[],5,[]],[3,[5,8],2,[3,6,5,7],8],4,[0,[10]],8],[7,7],[[3,[9,5,10],[3],8,10],2,3,9],[[8,[3,1,4,9,5]]],[[[],0],10,10,3]]
[[],[[[2,1,2,9],[]],[[1,5,10],3]]]

[[],[[1,[0,4,7,10,10],3,[6,2,0],[9,1,4]],[],[5,[0,8,5],0,10,[3,10,10]],2,2],[],[[[],10,[]],[3,3,[0,0,2,10],[7,8,6,4,6],6],[10,[8,2,4,2,0]]],[[[9,2,10],[5],1,5,[2,7,9]],[4,[6]],[[]],[4,[],[6,5]]]]
[[6,[]],[[[1],[6,4,1,4],3],[4,4]],[[6,[2,2,9],5,[8,9,7,10]],6],[5,[[10,9,0,5,5],[10,6,6]],[[10,9,6],[0,0,3,1],[],5],7]]

[[[4,[3,0,5,8,4],[5],7]],[[1,[3,9,10,3],6],7,2]]
[[[]],[],[[[5,7,8,8],[3,1,6,3],[6,7],4],10,8,[5,7,[5,0],9,7],6],[7,[4],7,[8,5],5]]

[[[],4,6],[0,3,2],[[5,[9,0,10,3,7]],[[5,6,7],[6,0]],9,[9]]]
[[[[7,8,9,3,5],6,[2,6],[6,1,4,10,8]],3],[10],[[]]]

[[2,8,[[8,3,1,5]],[[8,3],[1],[3],[],[5,8,8,9,4]]],[10],[],[6]]
[[0,[[6],8,4],6,4],[[[10,2],[6,4,4,9],8,[]],[0,5,4,[4,2,0]],1],[[[0,3,8]],8,0],[]]

[[5],[[],[[9,2,3,5,0],[1,2,7,5],5],0,[[4,8,10],[4,1],[9,1],3,10],3],[]]
[[],[2,[8],[],[2,8,7,[]],[[],[9,10,1,10],[],[]]],[6,[1,[],10,[3,1,5,1,7]],[6,[10,1],[0,10,4],4]],[]]

[[3,[[9,2,7],3,6,[6,9],[3,8,2,5,2]]],[],[[9,[5,8]],6,5,[[10]]]]
[[2,[1,2],[[6]],[6,8,6]],[[],[2,4,[7]],[0,2,[],[0,7,10,7,7],[10,2,8]],10,[[3],[7,4,8],[7,6]]]]

[[[[2,9],0,9,4],0,[[5,10],[0],5,[6,3]]]]
[[[9,1,[]],[[7,9,9,5]],[[3,6,0,1]]],[1,3,1],[0,1,[],[[3]]]]

[[6,6,[[5,8,6],[],[0,7],0]],[8]]
[[0,6,[[0,3]]],[9,[0,7,5,5],[[3,8,2,5],1],4,[10,[4,3],2]],[0],[[6],[1],[6,[],[4,8,6,10,0]]],[2,8,[6,[8],[8,4]]]]

[[7],[[],2,6],[3],[[5,[5,5,5,7],6],[6],1]]
[[1,[3,[8,4,1,0,1]],6,5],[1,[[7],[8,7,5]],8,[[],5],8],[],[[8,[]],5,4],[8]]

[[8]]
[[],[],[[[7,3],[9,0,0,2]]],[[9,0,[6,3,2,0,1],5],3],[[],[10,9]]]

[[[2,[10,10,9,6,7]],[5,1,3,7]],[[10],8,[[1,8,10,8,1],8,[1,2,4,7]]],[]]
[[10],[6,[],6,[[10,1],7,[5,1,0]]],[[0,6,[4,5],[9,0],6],[]]]

[[[],[],[]],[3]]
[[[[]],10],[[[0,9,8,9,4],[4,1,5,4],[7,6],3],10,2,0],[[0,6]],[9,3]]

[[],[[[9,4,8,1],0,8,[10,9]],[]],[[1,7,[5,9,3],8,5],3,[[8,9,10,2],7,[0,10,7],[8]],[5,[8,7,0,3,5],0],[9]]]
[[3,7,10,[[9,1,8],[4,5,0],8,[2,7]],10]]

[[[9,[5,10,3,5,1]],7,9]]
[[9]]

[[[[7,3,4,9,5],6,[4],4],[9,[9,9,3,4,6],5,8],[[1,6,8],[8,9,0,2],10]],[[],[4,[4,7]],3,[7,[],5,7]]]
[[[[0,7,7]],[[4,6,4],[7],4]],[0],[[],[[4,3,1,10,4],[2,0,9]],0],[[[7,1,5,8,9]],5,7,8]]

[[7,10,[5,[5,6,7],2,7],5,[[10,9],2]],[],[[8,[2,9,10],[10],[],[]],[]],[0,[9,0],[[],[4,2,10,6,5]],10]]
[[[[3,0,10,3]]],[[6],10,[1,3,[],0],4,7],[4,[],9,[[3,5,4,9,10],[0,8,3,4],[3,9,8,9],[1]],1]]

[[],[6,[7,5]],[6,6,3]]
[[],[[2,3],5,6],[7,[]]]

[[[],[1,[2]],4,10,[[],[],0,[3,6,10,4]]],[[1]]]
[[7,[5,3,9,[10]]]]

[[],[]]
[[[10],8,9,[4,10,[9,6],[1,0,6,7,8]]],[2,0,[1,2,2,2,6],[5,[3,0,9]]]]

[[4,0,4,2,[]],[0],[8,[8,[1,10],4,1],1,[5,6,2],2],[[5,2],0,3,[[8,4,6,9]]],[[[],9,[],9],[],[[2,5],[5,5,8,4],[4]],7,0]]
[[],[10,[4,5,[3,2,10,0,0],[5,3,6]],1,[2]],[[7,[8,7,3,2]],[5,10,10],[4,[10,7,0,6,10]],8]]

[[[[8]],3,[[2,1],1,4,8,[8]],8],[]]
[[10,9,[[6,3],[9,7,3],[6,8]],2,[[]]],[[[],9,[1,6,3,10]],3,[1,10],0],[[[0,8,5,2],1,2,[7,4]],5,[0,[8,7,1,1],5,2,[6,1,8]],1,[1,[8],[3]]],[[10,[0,7,8],10,8],7,[[]],0,[]],[5,8,1,[[],9,[],[0]],[]]]

[[[3,6,[7,10,0,2]]]]
[[9,[[4,6,10]],1,6,[5,[8,5],5,10,10]],[[],9,1,[2,[5,3],2,[6]]],[4],[],[[0]]]

[[[[7,3,5],[1]],2,[],4],[0],[9,[[4,2,5,9,6],2],[],[5,6]],[2]]
[[3,5,6,[[5],10]],[[2,[8,0,2,5,9],[]],5]]

[[[3],4],[[[2,1],[2,9,6]],[],0,4],[[[7],[7,3],0,8,9],[[10,9,10,6],[2,0,10,1]],9],[10]]
[[[]],[[],8,[[],[5,0],0,2,[3,7,8]]],[3,0,1,2],[],[10,10]]

[[[1,8,6,[9,5,6,6,3]],5,[[9,3,3,10],[8,0,1,9],9,[2]],8],[[[4,0,5],[4,10,7,4,0],9],4],[2],[3,[9,[],4],3,[[],0,7,6]],[]]
[[[0,[]],4],[[4,[5,7,10,5,1],5],[[10]]]]

[[[],[[10,8],[],[8,4]],1,0,[]],[[],[[2,0,8],4,9,7],[10,[0,8,4,9,5]],5]]
[[[10,5,[2,7,8],2],[2],7,[]],[6,2],[3,7,7,[[9,3,5,8,4],[3,0,4],[10,9,4,8,8],[2,4,7],7]],[[]],[1,5,[[10,3,4,1,5],6,[],10]]]

[[],[[[],[3,3,0],[4,0,5],[5]],[10,8,[2],[10,1,10,3],[10,7]],[[1,5,7,0],[8,5],10,8,[10,4,5,10]]],[7,[2,3,9,9]],[[8,[3,9,6]],[[8,8]],0]]
[[8,[9,8,[6]],[[8,7]],[4,6]],[],[],[[0,3,[7,9,6,9,1]],[[],[7,6,2,2,0]]],[[],[[0,2,2,3,7],8,[3,10]],1,[8,0,[6]],6]]

[[4,[1,9],0],[8,[2,[],[10,9,6,5],9,7],[[6,2,7,8],10,2,2,[0,10,2]],7]]
[[],[0],[2,[],[6,2,[4,4],[10,10,3,2,10]],10],[8,[],[8,8],9,10],[[[4,9],[8],0,10]]]

[[[[7],5,[4,2,5,6,6],[3,8,10,10,10],[10,10,9,7,9]],[6,9]],[2,[],[[2,2,9,2,10],[10,9],0,[5,7]]],[[7,2],7],[0,[7],[3,[]],6,3]]
[[5]]

[[[4,10],5]]
[[],[[[],[1,7,10,1,9],2,0,2],2,0],[[],[[8,2,5,4,9],7,8,3,[2,7]],5,0]]

[[10],[],[4,7,7,[[8],[1,8,8,6,10],[10,6,6],2],[4,[3,3,2,7,4],8,8,3]],[[9,[7,9,8,4],7],[[9,1,5,9,5]]]]
[[[7],6,[3,6,9]],[10,5]]

[[[2,[],9,6],4,4],[[[8,2,4],8,[8],[8,4,10]],[[7,6,4,10,9],6,6,3],10,[6,[10,2,3,8,7],4],6],[[],[],[3],[10],5]]
[[4],[[],[[10,9],[0,8,3,5]]],[[[],[2,2,1,10,6]],0,[[1,8]],6],[2,[[10],[6,3],7,[1,3,10]]]]

[[[],[[7,4,7,7]]],[7],[0,[]],[3]]
[[0,[[6,5],[2],0,[],[5]]],[[1]],[]]

[[[10,[7,7],[8,1,0,4,5],7],2,[[],[2,2,8,2],[5,0,9],5,[]],6,[[0,8,10],9,[5,5,6,8,0],[9]]]]
[[3,[[],[4,9,4],6,[5,2,8]]]]

[[[[3,2],2],6,[5,1,6,0],[],4],[[7],4,0,0,[[9,1],6,[8]]],[[6],1],[0,[[4,0]],2],[]]
[[[5,9,5,[],3],[2,6,[0,2,4,4]],0,0,[]],[[[],8]]]

[[[4,0,1,9],5,5]]
[[2,3],[]]

[[5,2,[[],[4,2,9,3]],[1,0,5],[7]],[[10,[3],[5],4],0,6,8,3],[9,[8,5],[4],3],[6,[],[8,9,5,[1,9,4,3,4],9],[2,10],8],[[[3,3,8,0]],8,4,[6,[1,5],[],[7,7]],5]]
[[],[8,5,[9,[5,5,7]],[[9,0,3,1],5,8]],[[]]]

[[],[[[6,2,9]],6],[[],[[]],8],[[[5,1],[0,8],10],[[],0,[4,8],[5],7]],[5,3,[9,[0],[],[3,10,3,6]],[7,3,0],[[1,10,8],7,[0]]]]
[[[],[3,6,4,[10,7,1],9],7,[],[0,[9,2,3],[9]]],[0,[4,4,4,9,2],[[8,5,8,3,10],8,7,5],1,[[6,0],6,0,4]]]

[]
[[],[1,5,8,10,8]]

[[8,7],[[9,4],10,5,2],[7,[[]],10,0,[10,4,[],[4,6,8],0]],[[[],[1,10,4,3],[1],10,[7,9,3,9]],[6,[9,8,7,0],6,[5,9,3,5,7],[8,3,4,1]],[10,7,9],9],[6,[[9,8],8,[2,6,4,9]]]]
[[[[1],[6,9,6,4,0]],[5,[4]],9]]

[[[[10,3,2,9,1],[1],7,2,2]]]
[[5,[[],9,[6,0,9,7,2],1],[]],[[1,2,[6,6],[1,7,1]],7],[[7,[2,5,3]],[0],2],[5,9]]

[[[7],[6],[3,2],[[3,5,2]],1],[[7],[[5,1,0,2],2,[5,7,2,4]],[[10],8]]]
[[[[],[8,2,7,4,4],[10,8]],[3,[3],[4]]],[[0,[10,5,10,4]],[[],[7,8,10,10,3],6],3],[[[10,4],7,[4,0],[7,8,0,10]],[1],[2,2,3,[5,6,8]]],[8,10,[[3,1,8,8],5,9,1,[10,6]],[[4,7],5,[1,9,10,0,4],2]]]

[[2,[4],9,[],[4,10]],[],[[[9],[0,0],[1,4,9,7],0],0,[[1,0,2],7,1],4,2]]
[[[6,10],[3,2,[1,1,7],[1],7]],[2],[1],[]]

[[],[4,[10],[[0,5,8,2,10],[],9,[0,3],[9,1]]],[9,1,8,[[1,10,8,3,4],[6,0,5,7,9],[2,10,3],3],6],[0,[10,[],2],5]]
[[[[10,3,9,2,5],2,[],3],10],[[[7,3,8,9,10],5,6,6,[1]],10,3,4,[[1],10,7]],[[[1,8,4,2,10],6,9,0,[]]],[[5,9]]]

[[[3,10,3,10]],[[6,7,[2,8,9,6,5]],6],[10],[6,[],[7,[8,9,4,2]]]]
[[[[9,7],[2]],[5],[]],[[[4,7,7],7,0],7,[[8,0],[],[4,5,6,2],[]]]]

[[]]
[[10,[]],[1],[],[[[8]]]]

[[[[5,0,4,10,0],5,[],[1]],[],[2],[[2,2,7,1,2],7,1,0,4],[10,[],5]],[[6,[5,9,6,3],3,9,[8,4,1,8]],[[3,3,8,3,0]],[6,[],0,[4,2],[]]]]
[[3],[[4,[8,4,10],7],[6,[5,9,9,2,4],[9,1,7,0],[5,9,5,0]],[4,10,[],[8,8,7]],1,10]]

[[[1,[8],[2,7,1],9],[],[9,1],[2,10,[8,10,7]],5]]
[[3,[]],[[],[9,9],0,8,[[8,8,1,5,6],[3,8,4,5,4]]],[[4,7,10,[7,2,0,0]],[[9]]]]

[[3],[4,7],[],[[1],[[4,9,10]],[[]],[],4],[[4,1],0,2,2,[2,[],[8,2,10],[9,0,10,4]]]]
[[5,9,[1,[0,9,10]],[1,9],7],[7,6,[[6,9],0],8],[1],[[6,7,3]],[]]

[[[8,4,[5,2]],0,[],8],[],[9],[[],[6,1,[3,0,7],1],[[9],7,[7],10]],[]]
[[2,[[1,2,8,8],[]],2,4,6],[[7]],[9,[10,[10,1,3,3,3],[3,10,10],5,7],7],[],[]]

[[10,1],[10,[[9],[9,1,5,9,5],[7,7,9,0],6]]]
[[[4,[10],1,[0,1]]],[[[7],9],6,9,6,6]]

[[6,[[],6,[7,8,8]]],[[1,3,[4,8,0,6],[1,10,3,9],10],[6,3],[9]],[],[[],[0,[10,3],[5],[7,5,10,5,2],[]],[4,8,3,[],[0]],[[5],[5,9]],[3,[5,2],[1,4,2]]]]
[[[[1,7],3,0,[]]],[1,6,[5,[10,8,8],[]],[[6,10,2,5,7],6,[7,7,9],[6,4,8,8]],1],[5,[[10,10],3],[[],[2,10]],[1,1,[6,5,7],[10,5,2]],0]]

[[7,[[7],9,[4,1,3,8],0,4],[1,4,[0,7,6,1,1]]],[0,[2,[3,9,7],10,5],[0,[9,4,2,5,3]]],[0,7],[[7,9,9,3,1],10,[],0]]
[[2,[]],[4,0,5,7]]

[[[8,7],[4,[7,2,2,8],[8,3,9,9],1,0]],[[[7,4,7,3,10],[1,4,1],[0,10],10,[0]]]]
[[],[],[7]]

[[1,[[5,7,2],[10],0,[8],[10,9,0,10,8]]]]
[[],[2]]

[[[10,[9,9,6,3],1,9]],[10,[4,[1,9]],[],[8]],[[3,7,[10,2]],[[],[1,3],2]]]
[[8,6],[[5,0,10,[9]],[[1,5,8,4]],[[1,8,4,6],[4,7,6,2,0],[6,0],[6,3],[6,9,9,10]]]]

[[10],[8,3,2],[2,[1],[],6,[[6,8],[6,7,5],[9,2,9],7,7]]]
[[[3,[],[10,3,9],4,[5,9,10,3,8]],[2],0,[3],[[3,0],3]],[[7]],[4,[],[],[[9,3,5]],[[]]],[[10],[[6],7],[[1,4],1,[1,1,3],[5,0,4,5,6]],[[4],[7,0,4]],3],[[[],3,[]],8,[9],4]]

[[[7,[1],[8,4,3,7],3]],[[],[[5,5,3,8,7],[7,5,10,1,1]],8,8],[[2,[7,7,9],10],[4,[4,0,4,2],10,[1,10,9,6]],[[0],0,7],[0,8,[5,0,10,2,3],[7,3,6,5,5]]]]
[[9,[[8,5]],3,7,5],[[1,[],0,1]],[[[10,8],10,[1],[9,9,3,4]]],[8,[[5],2,3,[],[4,0,5]],0,5],[[4,[5,5,0,10],6,10],2,7,[],9]]

[[[[]],6,[[5,1],8,[4,10],4,[10,5,0,6,5]],1],[[4,[4],6],5,7,[[2],[10,1,4,5,4],2,6,[8]],4],[[],7,[[10],[1,5,9,3,9]]],[[1,[],2],[],0,7,[[7],[7]]],[[],[[9,0]],[0]]]
[[1,9,[],6],[[[9,0,4,3],[8,1,4]],0,[]],[1,[3,[2,4],[]],6,1,3]]

[[4,8,[1,[7,9,5,8,3]]],[[[6,5],[6,1,5,6,0],7,3],[]]]
[[7,0,7,[],[1,[7,1],10,[7,5,8,6]]],[],[[],4,[1,8],[[7],[5,8,0,4],1,[],9],[[],9,1,7]],[[[7],3,[10,2,2],9]]]

[[7,[[9,7,9,4,3],6,7],9],[1,0,[[1,2,0,7],[9],8,[10],[5,7]],[7]]]
[[[6,4,9],0,[],6]]

[[1,[[2,0,2,2],8,5],[],[[4,3],[10],[6],10]],[6,[7,1,[0,2,6,1],9,[0,5]],[[1,5,10,10],[7,8,3,10,3],[],2],7,[9,8,9]],[5,6,[[10,3,2,6,3]]]]
[[5],[[[4],[6,0,4,8]]],[[3,2],[10,[4],[1,8],8],5,1],[]]

[[10,[[],[4,3,6,2,10]],9],[[2,[5],2,[8,8],[8]],1,[5,4,10,0,[6,2,5]]],[[[3,7,9],[7,5,2,4]]],[10,[7],[3],8,8],[]]
[[4,5]]

[[1,[[6,5,2,7,0],4],[2,1],9],[],[[[4,3,1,0,1],9,1,6]],[[[6,7,0],1,5],5,7],[4,3]]
[[[1,[3],0],[[5],[10],2,[2,1,3,6]],6,[1,[7],1,[],7]],[[],[[10,4,7,7,5],4,[4,5],[3,6,10,9]],[[2,8,5,7],[8,1,0,9]],[[0,6,8],0,7,5,[4,1]],[3]]]

[[],[9,4,5,[]],[[],5]]
[[[9,0],10],[],[[10,10,[8,2,7],[4,7,3,10,2]],2,1],[[],7],[9,1,[],[[4,7,2],[4,0],0,2,7]]]

[[[10,[1],[0,3,5,7,9],1,[1,9,5,9]],[2,[10,4,6]],1],[2]]
[[[7,[9,6,6,7],1],6,10],[5,[7,[9,9,9],8]],[7],[9,8,[[0,5,1],[0,3,2,9]],6],[3,3]]

[[[[4,2]],[[9,10,9]]],[2,[8,[],7,[10],[]],3,2,6],[[0,8,[6,1,6]],1]]
[[[1,[5,9]],9,5],[[[],6,7,[],1],4,[[5,3],[10,2,7,3,10],[6,1,1],4,[]],2],[],[[7,[0,3,5]],[0]]]

[[3],[4],[[4,[10],7,[2],9],[1,[5,2,10,3],[9,6,1]]]]
[[],[[[6,9,7,10,8],4,6],[[5,5,9,8,3]],8,10],[6,9],[9]]

[[6,8,[10,9,8]]]
[[[0,3,[],[4,9,5,5],3]],[],[],[9],[[4,[5,3],[3,5,8]],6,[7,9]]]

[[3,[[]],[[3,4,2,10,0],10],[3],[[],9]],[1,2,4,9]]
[[[9,[0],8],0,3,10],[[4]],[9,7],[1],[[[0,3,0,0,7],1,[0,7],[4,3]]]]

[[[[8,6],2,6,4,[8,8]],[[]],[[],4,1],[10,[8,4,1,6,6],[4,9,7,6],9]],[6,10,8],[1,9,[]]]
[[10],[5,4,10,[[],3,4,5]],[[],3],[2,[4,[7,2]],6,10]]

[[6,9,10,[7]],[[3]]]
[[[[7,7,1]],0,1]]

[[[1,6,8],7,[[4,6],[8,9,5],[7,7,9],10],1,[7,[7,0,5],5,0,[3,7]]]]
[[[[8,1,7],[8,1],0,[0,6,8],[5]]],[5,[4,10],[1,[5,2,8,4,0]],[[7,10,6],3]],[],[8,[5,[5,4],[3]]]]

[[9],[[],[[5,4,6]],0],[6,6,6],[[[6],[4,6,5,5],1,0,[5,5,3]],4,4,[[6,8,7,5],[10,8,1,8,6]],[6,[10,0,2,8,9],[10,4],2,[10,5]]],[9,[],1,9]]
[[10,[3,[3,0,8],[10],[5,5,8,1]],[[3,0,5],[8],8,7]],[8],[[[],[7,6]],4],[10],[6,[]]]

[[[[5,0,2,9],5,[8,8,0]],[8,10,[8,9,4],[8,3,10,9],[6]],5],[[0,10,[10,8,3],8,6],6,[[9,9]],[3,[3,7,10],[8,2]],[[],9,3,[9,0,8]]],[[0],4,[7,9],[[2,10,5,7,5],[8,0,1,5],[6]]]]
[[],[10,[[7],8],4],[0],[[10,5,[0,9,9,4]],[]],[5]]

[[[0],3,7,7,[1,[0,4,8,9,7]]],[[3]],[7,[7],2,[3,[7,7,0],[6,10,4,7,9],[8,10,2,8,2],[9]]]]
[[5],[9,[6,[]]],[[5,2,[],9]],[[]]]

[[],[[[0,0,6,9],[6,3,2],5],[5,[2]],7],[[[5,2,4],[2,8],[4]],[5,[]]],[],[]]
[[[5,1,[6]],[[3,7],6,[6,6,8,3],[],10]],[],[[],1,[9,[7,2,10,2,9],7]],[6,[1,[0,10,10,1],2,7,[]],[[],1,5],[[7,3,1],[2,8,10,9],[9,5],4]],[[],9]]

[[[3,6,10],[[10,4,4],[9,0],10,[]],[9,[],[5,4,3,6,6]],6],[],[],[4,3,4,10],[[[10]],0]]
[[[[3,0],[6,2,8]],[[3],5,[],[10,8,7,6]],[9,6]],[]]

[[[],[6,7,6]],[1,[[],[8,1],[],[6]],9,[[5,0]],[2,9,8,5]],[5,[[10,4,4]],10,8]]
[[[[7,10,8],[8,6],6],2,[7,[2,8],1]],[[7,3,9,9,[6,4,8]]],[[4,1,[0]],4,7,[[10,2]]]]

[[[9,[10]],5,[[0,9,3,0,6],6,1,[0,10,2],4],4],[4,[[1,5,8,5]],3,6,[6,[8],[6,1,3],[2,2,0]]],[]]
[[],[4,1,[8,2,6],7]]

[[[9,[5,0,2,9],[5,9,3,7]],4]]
[[],[[3],2,3]]

[[5,5]]
[[],[7,0,10],[[]],[]]

[[],[],[[8,9,8,3,[4,5,2]],[[3,3,1],[],[6,9,1]],[4,9,[8,10,10,1],7],0,1],[]]
[[[9,6,5,10,1],8,9,[[7,10,3,9,5],10],2],[4,[],8]]

[[[[6,0,7,9,5]]],[[[4,4,3]],7],[[[7,0,2,9],[]],[5,[],9],4,[[8,8,9],[],2,[8,4,2,9,0],[4]],1],[8,6,6,[]],[[1,0],[],3,[6,[1,9],[6],[5,6]]]]
[[],[[[10,10],[]]],[]]

[[[2,[6,4,8],10,[6,6,3,9],4],[0,9,1,[]],[[],[3],9,5]],[[[6,7,8],[4,0],[9,5],[0],[3,10,3]],9],[],[],[[[4]],3,[[1,4,2,8],[5],5,[5,7,7,6],3]]]
[[10,7],[]]

[[7,2,2],[],[[],1,5,[5,9,[1],1,4]]]
[[4,5,[[9,10,0],6,7],3,6]]

[[],[5,[[4,10,4,5,2],[3,7,7,1,5],[7,4,1,5]],[[3,3],10,1,10]],[[],[[4,10]],9,10,10]]
[[],[5,[[1,4],[5,4,6,5,0],[10,10],0,[3]],[6,3,3,[0,3,5,0]],[[3,8,10,2],[4,4,2,2],4,[6],8]],[[[6,2],9],7,3],[10],[[],0,1]]

[[3,10,[],6],[[[]],6],[]]
[[[],6],[[],0],[[8],[[5,5],[],[8,4,7,6],[7]],[],1,[9,5]]]

[[],[7],[6,[3,2],0],[[[7,1,7],[6,5,1,8,8],[9,3,6,4,2]],[2,4]]]
[[9,[[7],0,[]],[9,[10]]],[10,0,[9,[1,1,5],[6,7]]],[1,9,2,[[5,3,1],9,0,5]]]

[[4]]
[[[[7,6],[10,7,5,2,0]],8,2,7],[3,[0],[7,0,[2,9],4]],[[3,8,2,4,[]],[[],[8,4,7],[2,9,8]],[[9,2]]],[5,[10],[[],[4,2,3],3,[1,7,5],[1]]]]

[[[[4,2,6],6,[9,6]]],[9,7,[[4,9,5],[10,1,8,7],6,3,1],[2,[4,6],1,8],1]]
[[[[8,1,1,6,7],[7,6,5],[6,8],[],[1,5,0,2]]]]

[[[[1,2,5,7],[],[7,2,3],10,8],4,10,4,10],[3,[6,[6,1],[3,7,0,7,0],10],[7],7]]
[[1],[[[1,9,4,8],[0],[10,5,8],[10,8]]],[3,7,5,[[1,2,9,1,7],[7,10,5,8,6],[0,3]],3]]

[[10,0]]
[[],[0,[1,[]],4],[8]]

[[],[[[10,3,2]],2,[[10,5,2,1]],[2,[]],[[1,9,4]]]]
[[[[4,9,2]],1,0,9,5],[[[0,5,10,1],[6,7],4,[1,6,4],[3,7]],[[0,10],2,5,9]]]

[[2,[10],7],[10,[[3,2],[7]],[7,[6,9,9,4],3,[7,1,2]]]]
[[[[9,6,4],8,[6,0,6,10],[7,1,0]]],[],[8,[9,[6,0,4,8],8,3],[],[1,[4,7,2,4]],0],[[[6,1,5],5],5,1],[4]]

[[[],[[],[]],[8,[5,2,7,7,8],[1,6,4,3,1],[0,10]]],[[[6,7,4]],3,[[],[6],[2,7,4,9]]]]
[[[[7,4,7]]]]

[[[[3,9,1,3,8],10,[2,6,8,2]],[],1],[1,2],[8,2],[]]
[[0,[6],[[6,9,8],5,4]],[[0],[],6,[6,[6,3,2]],3],[7,[[]]]]

[[9,10],[1,6],[]]
[[3],[6,1],[[[3,8]],2,[[],[3,9,8,0,2]],[]],[[1,3],4,[6]],[6]]

[[2,[3,5,1,5,[1,8,2]]],[5,5,[[8,4,8],10,[10,4],6]],[[[10,9],[3,9,8,2,8],[]],8]]
[[[5],6,[2],9],[10]]

[[2,[0,[6],6,3,[8,4,10]],[[9],7,[3,10,1],[10,5],9],4]]
[[[[9,10,5,6]]],[[2,9],[10,8]]]

[[3,[[6,1,0,2],[9],2,3],[5,[6,3,0,10],1]],[]]
[[10,9,[],[]],[[6]],[0],[10,[10,6,5,[1]],[[3,10,0,8,1]]]]

[[7,[[4],2,5],2],[[1,3,[7,4,4,9,5]]],[3,2,[[],1,2,[4],[6,4]],[]]]
[[],[[[]],3,[7,2,[]]]]

[[1,[[6,9]],5,[[9,5,5,5],9,8,8],[3,2,5,[4,0,4],3]],[4,7],[[[4,2,7,3],[5,1],[10,4]],[[2,9,2],[7,8,1],[10,4,2,3,6],[],5],[10,9,[]]],[9]]
[[[5,10,[6,5,9,3,3],8]],[],[[7,[4],1,0,[9,4,8]],[[10,1],2,3,6],8,3]]

[[8,4,3,8,[1,0]],[5,[7,[],7]],[10,[[6,2,4],[7,3,7,5],[],[],1],6,2],[[],[[0,9,6],[],8]],[9,[],10]]
[[[[10,8,5,0]],[]],[7],[[1,[2],[8,0,0]],[[2],[],[2,1,1,0,8]],3,[[10,4]],7],[10,[1,[4,5,7],10,5,[8,5,2,10]],1,9]]

[[1],[0,1,[2,7],[[10],1,[]],[[3,3,4,2,5],4,[],[6,3,1,10],3]],[[3,[9,9,9,1],[8,9,0],0],3,3],[10],[[9,[9,1,6,7],7]]]
[[1,4,[],5],[4,[2,8,6,[3,5,6,4]],3,4,[[],2,[]]],[[[7,1,0,1],[6,10,9,8,3]],[[10,10],6,[]],0],[]]

[[2,10]]
[[[0],0,[[1,0],[5,5,9]]]]

[[5,[[3],10,[9,9],[6,4],[]],[5,3,9,[5,0,10,4],9]],[[[0,1,1,8,5]]],[[],[[2,9,7,2],3,1,[6,3]],8,[]],[],[9,9,[[4,0,4],[],3,1]]]
[[],[8,9],[[],9,3,5],[[9,1,[1,4]],[[2],[6,8],[4]],[[],4,[]],8,4]]

[[0],[4]]
[[[4,7,1,6]],[[10,3,3,3]]]

[[[[2,9,9,7],1],[1,3,[1,9,8,9,8],10],3,3,5]]
[[[1,6,[3,7,3,0,4],10,[5,2,7]],[[6,5,10,8,6],[8,3,10,5,10],[9,3,5],2,4],10,[7,6]],[1],[[[4,9,3],6,2,[5,4,4,1],2],[[0,3]],9]]

[[8,[],2]]
[[3,[5,2,[5,1],[8,4,4],10],6,[[1,4],[]],8],[6,10],[[1,4,[5],2,0],4,[[],3],[5,6],2]]

[[1,9],[]]
[[2,[0,3,8,2]]]

[[[6,5,7],[2,6]],[10,7,[6,9,6,[3,8,2],[]],1,10],[[[5,2,6,5],4,[]],[6,0,6],1,[]],[5],[[6,3,[7,7,3,2,0]],[[],[7,1,3,5]],[]]]
[[4,[[3,6,9,8,4],0,8,[10,0]],6,0],[3,1,[[7]],[6,8,8,1,4],2],[8,[6,[1],4,0,[8,3,8]],[3]],[[[7,5,3,10]],6,2],[2,[0,[]],5,[4,7]]]

[[5,0,1,[9,[],[1,10,6,6],[]]],[],[[1],8],[[2,[1,9,1,3]]],[[[],[],7,9,[]]]]
[[],[],[4,2,[[],[3],[3,2,8],0],[[10],[0,7,5,0],[10,8],0,[]],[[],6,2]],[[[5,8,1],[2]],[8],6,[1]]]

[6,0,1,5,5]
[6,0,1,5]

[[[4],[],4],[2,[[],[0,5],7,[4,4]],[[9,6],5]],[],[[],2,[],7]]
[[[7,[9,8,8,3]],[],[],6],[9,[[2,0],[7,0],2],5,[[]],[[3,3,6],6,[1,6,1],[10,4]]],[8,[9],4],[[[],[10,0,5],8]]]

[[[[9,10,2],3,5,[9,8,8,9],4]],[6,[]],[[],[4,10,2,6,[2]],6],[4,6,5,[[],[],3,9,[4,0,2]],5]]
[[5,[[],[1,4,2,4],1]],[2],[7,[8,4,4]]]

[1,9,4,8]
[1,9,4,8,5]

[[[[],8,[7,9],4],10,[4,[10,8,4,0]],[3,[10,7],1,[]],[[8,6,8,7,8],2,9]],[]]
[[6,0],[10,10,6,[2,[],[8,1,6,4]]]]

[[8,6],[[[]]]]
[[5,6]]

[[],[],[[7],[8],[0,8,0,5],9,2],[1,3,3,[7,8],[4,0,[6,3,9,1],[3,8,4,2,5],[9,5]]],[10,[[0,9,0],[7,9]],9,3]]
[[],[[7,7,[2]],[[6,5,10,7],[8,4,9,0,4],6],[2,9,[4,8],10,5],[2,[7,10,0,1],[3,7]]],[[[5,4,0],[6,5],7,0,[2,6,5]],4,1,[4,10,1,2]],[[3]]]

[[9,[],3],[10,[4,9,10,0]],[[],5,[[8,0,7,9],6,3],[[10,4],[8,6,0,7],3,2]],[2],[[5]]]
[[[[4],9,[0,7,4,10]],8,[5,8,6,0]],[6],[5,[[],[7,0,5,5],0,[]]],[1,[1,[7,1,10,0,8],2],[2,[9,2,2,8],1,10,[6,9,3]]]]

[[[],4,[10],[5,[1,0,9],2]],[[6,[4],2,4,10],6,[5],[2,7,[7,6,3,4]]],[[7,1,[5]],10,[1,[0],[],[8,9,9,7],7]],[6,[8],1,3,10],[10,[9]]]
[[1,1,0,0],[1,[[3,10,6,9,10]],[[3,0,6,4,9],0,2]]]

[[10,[7],5,[],6],[[7,[3,10,9,1],[8],[],[1,0]],[5,8]],[7,[[4,4,0]],10,[3,[9,3,5,2,0],9]]]
[[5,[[4,8]],9,[0,[7,7,8,0,3],4,10],[10,[5,1,7,7,10]]],[],[6,5],[[],7,1,[[],[0,8,1],10],[]],[[],[],[3,10,[2,9,10,4,10],4],10,[10,[10,10,6,8,5],[5],6]]]

[[[],2,[10,[6,3,10,7],[]],[]],[],[[4,7,[],7,[]],[[1],10,[8,0],10,2],[[8,0,3,3,4],[7,2,3],[3,8,6,9],9],[],[6,8,0,[7]]],[10],[[[8,0,4,6],3,[]],0,6,[[6],5,7,9],[[4,0,7,5]]]]
[[1,[[0],[],[],5],8,6],[0,[2,6,2,[9],6],2],[[[0,4,5,5,4]],[4,5,1,6],3]]

[[[[5,4,0,9,10],[0,0,7,8,5],[4,6,7],8,5],[[5,2,0,7,3],5,[],[0,0]],[1,3,1,[2],[]],8]]
[[[1,[9,4,4],[8,1,5]],[[5,2],4,10,3,10]],[[[9,6,8]]],[[4,[6,0,2,9,8],[],[10,10,9,2,2],0]],[10,0,[]]]

[[],[[7,[10,9,10],4],[2,2,[1,0]]],[[2,[3,8,5,9,3]],[[3,2,9],[],5,8],[],[[10,2],0,[]],[[10,6,0],5]],[3,[],[],[2,5,[4,8,1,7],4],[]],[8,1,[[3,4,6,7,1],7]]]
[[1],[[[4,7,9,10],3,[5,9,7,9,10]]]]

[[1,10,[7,[],[7,6,3],10,9],[[0,10,0]],[4,6,[3]]],[[[6,2,6,3],10,[3,0,7,4]],5,10,6,[[5],6,[],9,[8,2,10,0]]],[],[[[0,8],10],8,[[1,8,1,3,6],2,[6],[7,0]],1]]
[[[3],3,[8,7,[10,8,4,3,6],2],[6,2],5]]

[[[[1,0,4,3],[9],[1],2]],[[8,9,0],[],10,8,[[5,5,6,5],6]],[[[9],0,10],1,[2,8]],[9]]
[[[2],7,0,1,5],[[[1,6,4,3,4],6,1],[],5,[],[[7,4],[4,1,8,7,0],[],6]],[0,[0,[9],[9]],[10,1,7,[]],2,[[6,5,9,1],[3],5,[5],4]],[8,10,[[10,5,4],0],[5,[10],10,[1]]],[]]

[[],[2],[1],[9,[[1,2,7]]],[[[1,1],[2],10,[7,1,0]],6]]
[[4,[[9,8]],[[9,3],1,[6]]],[[[4,2,5],[],[],2,6],3],[[[1,0,5,6],[2,6,10,5,9],[1,4,3,0,2],[10,2,9]],[5,2,7,[10,10,9,4,3]],[[3,5,8,9],[10,1,3,10],[],[2,8,1,8]],3,[]],[0,[],[[2,4],[8],[],[5,7,1,1]]],[[[],9,1,7],7]]

[[4,0,[1,10,[],0,[]],8,0],[],[],[4]]
[[4,[9],2],[9],[3]]

[[[[6,0,4,2,0],9,[7,8],8]],[],[[2,7],1,4]]
[[],[[]],[],[[[9,7],4,[0],[3,10,10,8,4]],6,5]]

[[[7]],[],[],[[],[7]],[7,[3,6,3],1]]
[[[8],[7],[3],[[3,2,4,9]],4],[[5,0,[3],[6]]],[[[9,9],[10,1,0,6,3],2]],[0,[2,8,[4,4],2],2]]

[[],[[[4,3,0,2],[2,4,10,5,3],[]],[[5,9],7,[4,6]],[[6,6],[6,9,2,4],[9,8,9],8]],[[],2,8,8]]
[[[5,9,10],[4,[10]],[[],[9],[]],[4,2,6],2],[[4,[7,3,1,9,3],[3,1,6,5],8]]]

[[[[4,0],10,3],[[6],[],10],10,6],[8,7]]
[[],[],[10,2,0],[[[3,8,7],[2,0]]],[3,5,5,1]]

[[[[8,7],4,6,[10,7,9],[1,2]],3,[[5,5,5],4,[0],0]],[6,[[2,0,2,10,2],9],[8,0,[5,5,1,7,6],[2,5,2],[]]],[[[4,5,5],2,5,[4,8]]],[10,4],[[3,[],1,3],[],[3,[9,7,0,1]]]]
[[[[9,9],9,6,8],3,[[],[],[10,8,6,7,6]],2],[[[0,5],4,7,[8,7,10],2],[[9,1],9,[4,9],6],2,5,[4,[7,6,6,4],3,8]],[[],[3,[7,7],1],10]]

[[9,[0,3,[0,6,9]],[[7,1],[4,4,3,1,9],10],1,3]]
[[8,7,8],[8,4,[]],[[[1],[4,9],[3]],6,8,[4,[6,3],[7],[1,0,10,7],10]],[2,2,0]]

[[2,10,2],[],[[[2,6,8,7],2],[7,[]]],[7,[[4]],9],[1,[3,[10,2]]]]
[[[],[]],[[3,5],[],10],[]]

[[2,6,6]]
[[8],[[4],[0,3,[]],[[8,6,0]],[10,10,8,1]],[[0,7],2,[0,10,[7,7,0,7,5],2],7],[[[2,5,7],6,4,10,2],7],[9]]

[[[9,[7,3],[9,7],1]],[[7,[6,4],1],[0],7,[]],[5,7,[[9,10,10],[10,2]]]]
[[8,[]],[[],[7,10,5,3,[5,8]],[],[[],4,2,8,[2,7,5,7,0]],[1,[9]]],[4,1,2,4,5]]

[[3,4,[]],[],[3,8,5,[4]]]
[[[5]],[],[],[[[3]],[[3,3,2,9,10],[0,6,5,7],9,2]]]

[[],[6,[10]],[[5,8,[5,7,4]],5,5],[1,[4,4,[],3,[4,1]],[[5,1,2,7],[10,6],2],[[7],0,0,[7],[1,4]],[8]]]
[[[[6,10,2],[],6,[5,1,1,1,1]],[8,2,[6,7],10,5],3],[6,[5,[9,4,3]]],[[[2,6,10],[0],9,9,[3]],9,5],[9,[9],[[4,4,10],10,6,[],[0,7]],[4,[8,1,9,5],[4]],[[0,3,7,7],[0,9,10,10]]]]

[[[],5,[3,[],9,[8,10]],2,6],[1,[6,[],6,[10,7,7,6],[3,7]],5],[7,10,[[8],[9,6],[],3,5],[[],4,2,8]],[[8,[]]],[8]]
[[9,4],[10,5],[[6,10,[0,1,1],0],7,4],[2,3,[7,8,1,1],6]]

[[],[[1,[2,1],5,[],9],6,[9,4,8],[[5,1,7],[10,1,8],0]],[8,1,[[],2,[2,8]]],[[3,[2,3,0],8,6,[]],[8,4,[8],[10,7,2,2,0]],9,1,[1,[0,8,7,1],2]],[[9,5],[[1,2],[],10,7],2]]
[[[10],6,7,4],[],[7,[0,9],[1,10,[0,10]],[[3,10],5,[9,9,8]]]]

[[[5,[0,8,0]],[[6,3,2,3,5],[8,4]],1],[[[6,6,6,2],1,[2,2],2],9,6,2],[]]
[[[],[],[[4,5],0],[10,6,7]],[[8,[9,8]]],[[[],[],3,7],[],0]]

[[],[7,4],[[5],5],[[],1,10,[0,[5,0,1,10,6],[8],1,[4]],0],[0]]
[[],[1,0,10],[]]

[[3,2,[[7,9,4,8,2],2,[1,0,9,6],10,[3,0]]],[[9,6],[[]],1,[[],5,[5,4]],[2]],[],[8,[[6],2]],[[]]]
[[0,[1],[],[[2]]],[[5,[1,0]],[[],2]],[4,[10,2,5],[[6,7,2,10,1],1,0,1]],[]]

[[0,[],[[5,3,5,3,0],[],[3,8,0,0,1],[2]]],[]503,53 -> 503,50 -> 503,53 -> 505,53 -> 505,51 -> 505,53 -> 507,53 -> 507,52 -> 507,53 -> 509,53 -> 509,50 -> 509,53
539,105 -> 539,98 -> 539,105 -> 541,105 -> 541,100 -> 541,105 -> 543,105 -> 543,103 -> 543,105 -> 545,105 -> 545,101 -> 545,105 -> 547,105 -> 547,95 -> 547,105 -> 549,105 -> 549,104 -> 549,105 -> 551,105 -> 551,99 -> 551,105 -> 553,105 -> 553,97 -> 553,105 -> 555,105 -> 555,96 -> 555,105
545,125 -> 549,125
536,172 -> 536,168 -> 536,172 -> 538,172 -> 538,164 -> 538,172 -> 540,172 -> 540,168 -> 540,172 -> 542,172 -> 542,163 -> 542,172 -> 544,172 -> 544,164 -> 544,172 -> 546,172 -> 546,171 -> 546,172 -> 548,172 -> 548,165 -> 548,172 -> 550,172 -> 550,170 -> 550,172 -> 552,172 -> 552,170 -> 552,172
500,34 -> 500,37 -> 496,37 -> 496,40 -> 506,40 -> 506,37 -> 504,37 -> 504,34
527,147 -> 527,139 -> 527,147 -> 529,147 -> 529,142 -> 529,147 -> 531,147 -> 531,138 -> 531,147 -> 533,147 -> 533,137 -> 533,147 -> 535,147 -> 535,140 -> 535,147 -> 537,147 -> 537,146 -> 537,147 -> 539,147 -> 539,142 -> 539,147 -> 541,147 -> 541,140 -> 541,147
527,147 -> 527,139 -> 527,147 -> 529,147 -> 529,142 -> 529,147 -> 531,147 -> 531,138 -> 531,147 -> 533,147 -> 533,137 -> 533,147 -> 535,147 -> 535,140 -> 535,147 -> 537,147 -> 537,146 -> 537,147 -> 539,147 -> 539,142 -> 539,147 -> 541,147 -> 541,140 -> 541,147
539,150 -> 539,152 -> 534,152 -> 534,159 -> 544,159 -> 544,152 -> 543,152 -> 543,150
500,34 -> 500,37 -> 496,37 -> 496,40 -> 506,40 -> 506,37 -> 504,37 -> 504,34
527,147 -> 527,139 -> 527,147 -> 529,147 -> 529,142 -> 529,147 -> 531,147 -> 531,138 -> 531,147 -> 533,147 -> 533,137 -> 533,147 -> 535,147 -> 535,140 -> 535,147 -> 537,147 -> 537,146 -> 537,147 -> 539,147 -> 539,142 -> 539,147 -> 541,147 -> 541,140 -> 541,147
558,119 -> 563,119
536,172 -> 536,168 -> 536,172 -> 538,172 -> 538,164 -> 538,172 -> 540,172 -> 540,168 -> 540,172 -> 542,172 -> 542,163 -> 542,172 -> 544,172 -> 544,164 -> 544,172 -> 546,172 -> 546,171 -> 546,172 -> 548,172 -> 548,165 -> 548,172 -> 550,172 -> 550,170 -> 550,172 -> 552,172 -> 552,170 -> 552,172
539,131 -> 543,131
527,147 -> 527,139 -> 527,147 -> 529,147 -> 529,142 -> 529,147 -> 531,147 -> 531,138 -> 531,147 -> 533,147 -> 533,137 -> 533,147 -> 535,147 -> 535,140 -> 535,147 -> 537,147 -> 537,146 -> 537,147 -> 539,147 -> 539,142 -> 539,147 -> 541,147 -> 541,140 -> 541,147
536,172 -> 536,168 -> 536,172 -> 538,172 -> 538,164 -> 538,172 -> 540,172 -> 540,168 -> 540,172 -> 542,172 -> 542,163 -> 542,172 -> 544,172 -> 544,164 -> 544,172 -> 546,172 -> 546,171 -> 546,172 -> 548,172 -> 548,165 -> 548,172 -> 550,172 -> 550,170 -> 550,172 -> 552,172 -> 552,170 -> 552,172
526,82 -> 530,82
527,147 -> 527,139 -> 527,147 -> 529,147 -> 529,142 -> 529,147 -> 531,147 -> 531,138 -> 531,147 -> 533,147 -> 533,137 -> 533,147 -> 535,147 -> 535,140 -> 535,147 -> 537,147 -> 537,146 -> 537,147 -> 539,147 -> 539,142 -> 539,147 -> 541,147 -> 541,140 -> 541,147
548,122 -> 553,122
539,105 -> 539,98 -> 539,105 -> 541,105 -> 541,100 -> 541,105 -> 543,105 -> 543,103 -> 543,105 -> 545,105 -> 545,101 -> 545,105 -> 547,105 -> 547,95 -> 547,105 -> 549,105 -> 549,104 -> 549,105 -> 551,105 -> 551,99 -> 551,105 -> 553,105 -> 553,97 -> 553,105 -> 555,105 -> 555,96 -> 555,105
500,34 -> 500,37 -> 496,37 -> 496,40 -> 506,40 -> 506,37 -> 504,37 -> 504,34
539,105 -> 539,98 -> 539,105 -> 541,105 -> 541,100 -> 541,105 -> 543,105 -> 543,103 -> 543,105 -> 545,105 -> 545,101 -> 545,105 -> 547,105 -> 547,95 -> 547,105 -> 549,105 -> 549,104 -> 549,105 -> 551,105 -> 551,99 -> 551,105 -> 553,105 -> 553,97 -> 553,105 -> 555,105 -> 555,96 -> 555,105
523,84 -> 527,84
536,172 -> 536,168 -> 536,172 -> 538,172 -> 538,164 -> 538,172 -> 540,172 -> 540,168 -> 540,172 -> 542,172 -> 542,163 -> 542,172 -> 544,172 -> 544,164 -> 544,172 -> 546,172 -> 546,171 -> 546,172 -> 548,172 -> 548,165 -> 548,172 -> 550,172 -> 550,170 -> 550,172 -> 552,172 -> 552,170 -> 552,172
551,119 -> 556,119
529,84 -> 533,84
505,62 -> 509,62
503,53 -> 503,50 -> 503,53 -> 505,53 -> 505,51 -> 505,53 -> 507,53 -> 507,52 -> 507,53 -> 509,53 -> 509,50 -> 509,53
527,147 -> 527,139 -> 527,147 -> 529,147 -> 529,142 -> 529,147 -> 531,147 -> 531,138 -> 531,147 -> 533,147 -> 533,137 -> 533,147 -> 535,147 -> 535,140 -> 535,147 -> 537,147 -> 537,146 -> 537,147 -> 539,147 -> 539,142 -> 539,147 -> 541,147 -> 541,140 -> 541,147
527,147 -> 527,139 -> 527,147 -> 529,147 -> 529,142 -> 529,147 -> 531,147 -> 531,138 -> 531,147 -> 533,147 -> 533,137 -> 533,147 -> 535,147 -> 535,140 -> 535,147 -> 537,147 -> 537,146 -> 537,147 -> 539,147 -> 539,142 -> 539,147 -> 541,147 -> 541,140 -> 541,147
539,105 -> 539,98 -> 539,105 -> 541,105 -> 541,100 -> 541,105 -> 543,105 -> 543,103 -> 543,105 -> 545,105 -> 545,101 -> 545,105 -> 547,105 -> 547,95 -> 547,105 -> 549,105 -> 549,104 -> 549,105 -> 551,105 -> 551,99 -> 551,105 -> 553,105 -> 553,97 -> 553,105 -> 555,105 -> 555,96 -> 555,105
539,105 -> 539,98 -> 539,105 -> 541,105 -> 541,100 -> 541,105 -> 543,105 -> 543,103 -> 543,105 -> 545,105 -> 545,101 -> 545,105 -> 547,105 -> 547,95 -> 547,105 -> 549,105 -> 549,104 -> 549,105 -> 551,105 -> 551,99 -> 551,105 -> 553,105 -> 553,97 -> 553,105 -> 555,105 -> 555,96 -> 555,105
527,147 -> 527,139 -> 527,147 -> 529,147 -> 529,142 -> 529,147 -> 531,147 -> 531,138 -> 531,147 -> 533,147 -> 533,137 -> 533,147 -> 535,147 -> 535,140 -> 535,147 -> 537,147 -> 537,146 -> 537,147 -> 539,147 -> 539,142 -> 539,147 -> 541,147 -> 541,140 -> 541,147
526,86 -> 530,86
548,128 -> 552,128
500,34 -> 500,37 -> 496,37 -> 496,40 -> 506,40 -> 506,37 -> 504,37 -> 504,34
504,19 -> 504,23 -> 503,23 -> 503,31 -> 512,31 -> 512,23 -> 507,23 -> 507,19
503,53 -> 503,50 -> 503,53 -> 505,53 -> 505,51 -> 505,53 -> 507,53 -> 507,52 -> 507,53 -> 509,53 -> 509,50 -> 509,53
523,88 -> 527,88
551,131 -> 555,131
541,122 -> 546,122
536,172 -> 536,168 -> 536,172 -> 538,172 -> 538,164 -> 538,172 -> 540,172 -> 540,168 -> 540,172 -> 542,172 -> 542,163 -> 542,172 -> 544,172 -> 544,164 -> 544,172 -> 546,172 -> 546,171 -> 546,172 -> 548,172 -> 548,165 -> 548,172 -> 550,172 -> 550,170 -> 550,172 -> 552,172 -> 552,170 -> 552,172
539,105 -> 539,98 -> 539,105 -> 541,105 -> 541,100 -> 541,105 -> 543,105 -> 543,103 -> 543,105 -> 545,105 -> 545,101 -> 545,105 -> 547,105 -> 547,95 -> 547,105 -> 549,105 -> 549,104 -> 549,105 -> 551,105 -> 551,99 -> 551,105 -> 553,105 -> 553,97 -> 553,105 -> 555,105 -> 555,96 -> 555,105
536,172 -> 536,168 -> 536,172 -> 538,172 -> 538,164 -> 538,172 -> 540,172 -> 540,168 -> 540,172 -> 542,172 -> 542,163 -> 542,172 -> 544,172 -> 544,164 -> 544,172 -> 546,172 -> 546,171 -> 546,172 -> 548,172 -> 548,165 -> 548,172 -> 550,172 -> 550,170 -> 550,172 -> 552,172 -> 552,170 -> 552,172
503,53 -> 503,50 -> 503,53 -> 505,53 -> 505,51 -> 505,53 -> 507,53 -> 507,52 -> 507,53 -> 509,53 -> 509,50 -> 509,53
517,88 -> 521,88
504,19 -> 504,23 -> 503,23 -> 503,31 -> 512,31 -> 512,23 -> 507,23 -> 507,19
536,172 -> 536,168 -> 536,172 -> 538,172 -> 538,164 -> 538,172 -> 540,172 -> 540,168 -> 540,172 -> 542,172 -> 542,163 -> 542,172 -> 544,172 -> 544,164 -> 544,172 -> 546,172 -> 546,171 -> 546,172 -> 548,172 -> 548,165 -> 548,172 -> 550,172 -> 550,170 -> 550,172 -> 552,172 -> 552,170 -> 552,172
527,147 -> 527,139 -> 527,147 -> 529,147 -> 529,142 -> 529,147 -> 531,147 -> 531,138 -> 531,147 -> 533,147 -> 533,137 -> 533,147 -> 535,147 -> 535,140 -> 535,147 -> 537,147 -> 537,146 -> 537,147 -> 539,147 -> 539,142 -> 539,147 -> 541,147 -> 541,140 -> 541,147
527,147 -> 527,139 -> 527,147 -> 529,147 -> 529,142 -> 529,147 -> 531,147 -> 531,138 -> 531,147 -> 533,147 -> 533,137 -> 533,147 -> 535,147 -> 535,140 -> 535,147 -> 537,147 -> 537,146 -> 537,147 -> 539,147 -> 539,142 -> 539,147 -> 541,147 -> 541,140 -> 541,147
562,122 -> 567,122
539,150 -> 539,152 -> 534,152 -> 534,159 -> 544,159 -> 544,152 -> 543,152 -> 543,150
532,82 -> 536,82
505,58 -> 509,58
539,105 -> 539,98 -> 539,105 -> 541,105 -> 541,100 -> 541,105 -> 543,105 -> 543,103 -> 543,105 -> 545,105 -> 545,101 -> 545,105 -> 547,105 -> 547,95 -> 547,105 -> 549,105 -> 549,104 -> 549,105 -> 551,105 -> 551,99 -> 551,105 -> 553,105 -> 553,97 -> 553,105 -> 555,105 -> 555,96 -> 555,105
536,172 -> 536,168 -> 536,172 -> 538,172 -> 538,164 -> 538,172 -> 540,172 -> 540,168 -> 540,172 -> 542,172 -> 542,163 -> 542,172 -> 544,172 -> 544,164 -> 544,172 -> 546,172 -> 546,171 -> 546,172 -> 548,172 -> 548,165 -> 548,172 -> 550,172 -> 550,170 -> 550,172 -> 552,172 -> 552,170 -> 552,172
502,60 -> 506,60
539,105 -> 539,98 -> 539,105 -> 541,105 -> 541,100 -> 541,105 -> 543,105 -> 543,103 -> 543,105 -> 545,105 -> 545,101 -> 545,105 -> 547,105 -> 547,95 -> 547,105 -> 549,105 -> 549,104 -> 549,105 -> 551,105 -> 551,99 -> 551,105 -> 553,105 -> 553,97 -> 553,105 -> 555,105 -> 555,96 -> 555,105
535,88 -> 539,88
554,134 -> 558,134
539,150 -> 539,152 -> 534,152 -> 534,159 -> 544,159 -> 544,152 -> 543,152 -> 543,150
500,34 -> 500,37 -> 496,37 -> 496,40 -> 506,40 -> 506,37 -> 504,37 -> 504,34
539,105 -> 539,98 -> 539,105 -> 541,105 -> 541,100 -> 541,105 -> 543,105 -> 543,103 -> 543,105 -> 545,105 -> 545,101 -> 545,105 -> 547,105 -> 547,95 -> 547,105 -> 549,105 -> 549,104 -> 549,105 -> 551,105 -> 551,99 -> 551,105 -> 553,105 -> 553,97 -> 553,105 -> 555,105 -> 555,96 -> 555,105
503,53 -> 503,50 -> 503,53 -> 505,53 -> 505,51 -> 505,53 -> 507,53 -> 507,52 -> 507,53 -> 509,53 -> 509,50 -> 509,53
503,53 -> 503,50 -> 503,53 -> 505,53 -> 505,51 -> 505,53 -> 507,53 -> 507,52 -> 507,53 -> 509,53 -> 509,50 -> 509,53
503,53 -> 503,50 -> 503,53 -> 505,53 -> 505,51 -> 505,53 -> 507,53 -> 507,52 -> 507,53 -> 509,53 -> 509,50 -> 509,53
508,56 -> 512,56
540,91 -> 540,92 -> 547,92 -> 547,91
539,105 -> 539,98 -> 539,105 -> 541,105 -> 541,100 -> 541,105 -> 543,105 -> 543,103 -> 543,105 -> 545,105 -> 545,101 -> 545,105 -> 547,105 -> 547,95 -> 547,105 -> 549,105 -> 549,104 -> 549,105 -> 551,105 -> 551,99 -> 551,105 -> 553,105 -> 553,97 -> 553,105 -> 555,105 -> 555,96 -> 555,105
540,91 -> 540,92 -> 547,92 -> 547,91
521,65 -> 521,67 -> 513,67 -> 513,72 -> 526,72 -> 526,67 -> 523,67 -> 523,65
539,105 -> 539,98 -> 539,105 -> 541,105 -> 541,100 -> 541,105 -> 543,105 -> 543,103 -> 543,105 -> 545,105 -> 545,101 -> 545,105 -> 547,105 -> 547,95 -> 547,105 -> 549,105 -> 549,104 -> 549,105 -> 551,105 -> 551,99 -> 551,105 -> 553,105 -> 553,97 -> 553,105 -> 555,105 -> 555,96 -> 555,105
499,62 -> 503,62
536,172 -> 536,168 -> 536,172 -> 538,172 -> 538,164 -> 538,172 -> 540,172 -> 540,168 -> 540,172 -> 542,172 -> 542,163 -> 542,172 -> 544,172 -> 544,164 -> 544,172 -> 546,172 -> 546,171 -> 546,172 -> 548,172 -> 548,165 -> 548,172 -> 550,172 -> 550,170 -> 550,172 -> 552,172 -> 552,170 -> 552,172
536,172 -> 536,168 -> 536,172 -> 538,172 -> 538,164 -> 538,172 -> 540,172 -> 540,168 -> 540,172 -> 542,172 -> 542,163 -> 542,172 -> 544,172 -> 544,164 -> 544,172 -> 546,172 -> 546,171 -> 546,172 -> 548,172 -> 548,165 -> 548,172 -> 550,172 -> 550,170 -> 550,172 -> 552,172 -> 552,170 -> 552,172
536,172 -> 536,168 -> 536,172 -> 538,172 -> 538,164 -> 538,172 -> 540,172 -> 540,168 -> 540,172 -> 542,172 -> 542,163 -> 542,172 -> 544,172 -> 544,164 -> 544,172 -> 546,172 -> 546,171 -> 546,172 -> 548,172 -> 548,165 -> 548,172 -> 550,172 -> 550,170 -> 550,172 -> 552,172 -> 552,170 -> 552,172
548,134 -> 552,134
536,172 -> 536,168 -> 536,172 -> 538,172 -> 538,164 -> 538,172 -> 540,172 -> 540,168 -> 540,172 -> 542,172 -> 542,163 -> 542,172 -> 544,172 -> 544,164 -> 544,172 -> 546,172 -> 546,171 -> 546,172 -> 548,172 -> 548,165 -> 548,172 -> 550,172 -> 550,170 -> 550,172 -> 552,172 -> 552,170 -> 552,172
536,172 -> 536,168 -> 536,172 -> 538,172 -> 538,164 -> 538,172 -> 540,172 -> 540,168 -> 540,172 -> 542,172 -> 542,163 -> 542,172 -> 544,172 -> 544,164 -> 544,172 -> 546,172 -> 546,171 -> 546,172 -> 548,172 -> 548,165 -> 548,172 -> 550,172 -> 550,170 -> 550,172 -> 552,172 -> 552,170 -> 552,172
542,134 -> 546,134
518,76 -> 518,77 -> 530,77 -> 530,76
539,105 -> 539,98 -> 539,105 -> 541,105 -> 541,100 -> 541,105 -> 543,105 -> 543,103 -> 543,105 -> 545,105 -> 545,101 -> 545,105 -> 547,105 -> 547,95 -> 547,105 -> 549,105 -> 549,104 -> 549,105 -> 551,105 -> 551,99 -> 551,105 -> 553,105 -> 553,97 -> 553,105 -> 555,105 -> 555,96 -> 555,105
539,105 -> 539,98 -> 539,105 -> 541,105 -> 541,100 -> 541,105 -> 543,105 -> 543,103 -> 543,105 -> 545,105 -> 545,101 -> 545,105 -> 547,105 -> 547,95 -> 547,105 -> 549,105 -> 549,104 -> 549,105 -> 551,105 -> 551,99 -> 551,105 -> 553,105 -> 553,97 -> 553,105 -> 555,105 -> 555,96 -> 555,105
544,119 -> 549,119
527,147 -> 527,139 -> 527,147 -> 529,147 -> 529,142 -> 529,147 -> 531,147 -> 531,138 -> 531,147 -> 533,147 -> 533,137 -> 533,147 -> 535,147 -> 535,140 -> 535,147 -> 537,147 -> 537,146 -> 537,147 -> 539,147 -> 539,142 -> 539,147 -> 541,147 -> 541,140 -> 541,147
493,15 -> 493,16 -> 504,16 -> 504,15
536,172 -> 536,168 -> 536,172 -> 538,172 -> 538,164 -> 538,172 -> 540,172 -> 540,168 -> 540,172 -> 542,172 -> 542,163 -> 542,172 -> 544,172 -> 544,164 -> 544,172 -> 546,172 -> 546,171 -> 546,172 -> 548,172 -> 548,165 -> 548,172 -> 550,172 -> 550,170 -> 550,172 -> 552,172 -> 552,170 -> 552,172
542,128 -> 546,128
527,147 -> 527,139 -> 527,147 -> 529,147 -> 529,142 -> 529,147 -> 531,147 -> 531,138 -> 531,147 -> 533,147 -> 533,137 -> 533,147 -> 535,147 -> 535,140 -> 535,147 -> 537,147 -> 537,146 -> 537,147 -> 539,147 -> 539,142 -> 539,147 -> 541,147 -> 541,140 -> 541,147
539,105 -> 539,98 -> 539,105 -> 541,105 -> 541,100 -> 541,105 -> 543,105 -> 543,103 -> 543,105 -> 545,105 -> 545,101 -> 545,105 -> 547,105 -> 547,95 -> 547,105 -> 549,105 -> 549,104 -> 549,105 -> 551,105 -> 551,99 -> 551,105 -> 553,105 -> 553,97 -> 553,105 -> 555,105 -> 555,96 -> 555,105
540,91 -> 540,92 -> 547,92 -> 547,91
511,58 -> 515,58
500,34 -> 500,37 -> 496,37 -> 496,40 -> 506,40 -> 506,37 -> 504,37 -> 504,34
527,147 -> 527,139 -> 527,147 -> 529,147 -> 529,142 -> 529,147 -> 531,147 -> 531,138 -> 531,147 -> 533,147 -> 533,137 -> 533,147 -> 535,147 -> 535,140 -> 535,147 -> 537,147 -> 537,146 -> 537,147 -> 539,147 -> 539,142 -> 539,147 -> 541,147 -> 541,140 -> 541,147
527,147 -> 527,139 -> 527,147 -> 529,147 -> 529,142 -> 529,147 -> 531,147 -> 531,138 -> 531,147 -> 533,147 -> 533,137 -> 533,147 -> 535,147 -> 535,140 -> 535,147 -> 537,147 -> 537,146 -> 537,147 -> 539,147 -> 539,142 -> 539,147 -> 541,147 -> 541,140 -> 541,147
538,86 -> 542,86
521,65 -> 521,67 -> 513,67 -> 513,72 -> 526,72 -> 526,67 -> 523,67 -> 523,65
539,105 -> 539,98 -> 539,105 -> 541,105 -> 541,100 -> 541,105 -> 543,105 -> 543,103 -> 543,105 -> 545,105 -> 545,101 -> 545,105 -> 547,105 -> 547,95 -> 547,105 -> 549,105 -> 549,104 -> 549,105 -> 551,105 -> 551,99 -> 551,105 -> 553,105 -> 553,97 -> 553,105 -> 555,105 -> 555,96 -> 555,105
539,105 -> 539,98 -> 539,105 -> 541,105 -> 541,100 -> 541,105 -> 543,105 -> 543,103 -> 543,105 -> 545,105 -> 545,101 -> 545,105 -> 547,105 -> 547,95 -> 547,105 -> 549,105 -> 549,104 -> 549,105 -> 551,105 -> 551,99 -> 551,105 -> 553,105 -> 553,97 -> 553,105 -> 555,105 -> 555,96 -> 555,105
536,172 -> 536,168 -> 536,172 -> 538,172 -> 538,164 -> 538,172 -> 540,172 -> 540,168 -> 540,172 -> 542,172 -> 542,163 -> 542,172 -> 544,172 -> 544,164 -> 544,172 -> 546,172 -> 546,171 -> 546,172 -> 548,172 -> 548,165 -> 548,172 -> 550,172 -> 550,170 -> 550,172 -> 552,172 -> 552,170 -> 552,172
504,19 -> 504,23 -> 503,23 -> 503,31 -> 512,31 -> 512,23 -> 507,23 -> 507,19
536,172 -> 536,168 -> 536,172 -> 538,172 -> 538,164 -> 538,172 -> 540,172 -> 540,168 -> 540,172 -> 542,172 -> 542,163 -> 542,172 -> 544,172 -> 544,164 -> 544,172 -> 546,172 -> 546,171 -> 546,172 -> 548,172 -> 548,165 -> 548,172 -> 550,172 -> 550,170 -> 550,172 -> 552,172 -> 552,170 -> 552,172
527,147 -> 527,139 -> 527,147 -> 529,147 -> 529,142 -> 529,147 -> 531,147 -> 531,138 -> 531,147 -> 533,147 -> 533,137 -> 533,147 -> 535,147 -> 535,140 -> 535,147 -> 537,147 -> 537,146 -> 537,147 -> 539,147 -> 539,142 -> 539,147 -> 541,147 -> 541,140 -> 541,147
539,105 -> 539,98 -> 539,105 -> 541,105 -> 541,100 -> 541,105 -> 543,105 -> 543,103 -> 543,105 -> 545,105 -> 545,101 -> 545,105 -> 547,105 -> 547,95 -> 547,105 -> 549,105 -> 549,104 -> 549,105 -> 551,105 -> 551,99 -> 551,105 -> 553,105 -> 553,97 -> 553,105 -> 555,105 -> 555,96 -> 555,105
508,60 -> 512,60
517,62 -> 521,62
536,172 -> 536,168 -> 536,172 -> 538,172 -> 538,164 -> 538,172 -> 540,172 -> 540,168 -> 540,172 -> 542,172 -> 542,163 -> 542,172 -> 544,172 -> 544,164 -> 544,172 -> 546,172 -> 546,171 -> 546,172 -> 548,172 -> 548,165 -> 548,172 -> 550,172 -> 550,170 -> 550,172 -> 552,172 -> 552,170 -> 552,172
518,76 -> 518,77 -> 530,77 -> 530,76
539,105 -> 539,98 -> 539,105 -> 541,105 -> 541,100 -> 541,105 -> 543,105 -> 543,103 -> 543,105 -> 545,105 -> 545,101 -> 545,105 -> 547,105 -> 547,95 -> 547,105 -> 549,105 -> 549,104 -> 549,105 -> 551,105 -> 551,99 -> 551,105 -> 553,105 -> 553,97 -> 553,105 -> 555,105 -> 555,96 -> 555,105
539,105 -> 539,98 -> 539,105 -> 541,105 -> 541,100 -> 541,105 -> 543,105 -> 543,103 -> 543,105 -> 545,105 -> 545,101 -> 545,105 -> 547,105 -> 547,95 -> 547,105 -> 549,105 -> 549,104 -> 549,105 -> 551,105 -> 551,99 -> 551,105 -> 553,105 -> 553,97 -> 553,105 -> 555,105 -> 555,96 -> 555,105
493,15 -> 493,16 -> 504,16 -> 504,15
536,172 -> 536,168 -> 536,172 -> 538,172 -> 538,164 -> 538,172 -> 540,172 -> 540,168 -> 540,172 -> 542,172 -> 542,163 -> 542,172 -> 544,172 -> 544,164 -> 544,172 -> 546,172 -> 546,171 -> 546,172 -> 548,172 -> 548,165 -> 548,172 -> 550,172 -> 550,170 -> 550,172 -> 552,172 -> 552,170 -> 552,172
521,65 -> 521,67 -> 513,67 -> 513,72 -> 526,72 -> 526,67 -> 523,67 -> 523,65
536,172 -> 536,168 -> 536,172 -> 538,172 -> 538,164 -> 538,172 -> 540,172 -> 540,168 -> 540,172 -> 542,172 -> 542,163 -> 542,172 -> 544,172 -> 544,164 -> 544,172 -> 546,172 -> 546,171 -> 546,172 -> 548,172 -> 548,165 -> 548,172 -> 550,172 -> 550,170 -> 550,172 -> 552,172 -> 552,170 -> 552,172
527,147 -> 527,139 -> 527,147 -> 529,147 -> 529,142 -> 529,147 -> 531,147 -> 531,138 -> 531,147 -> 533,147 -> 533,137 -> 533,147 -> 535,147 -> 535,140 -> 535,147 -> 537,147 -> 537,146 -> 537,147 -> 539,147 -> 539,142 -> 539,147 -> 541,147 -> 541,140 -> 541,147
539,105 -> 539,98 -> 539,105 -> 541,105 -> 541,100 -> 541,105 -> 543,105 -> 543,103 -> 543,105 -> 545,105 -> 545,101 -> 545,105 -> 547,105 -> 547,95 -> 547,105 -> 549,105 -> 549,104 -> 549,105 -> 551,105 -> 551,99 -> 551,105 -> 553,105 -> 553,97 -> 553,105 -> 555,105 -> 555,96 -> 555,105
503,53 -> 503,50 -> 503,53 -> 505,53 -> 505,51 -> 505,53 -> 507,53 -> 507,52 -> 507,53 -> 509,53 -> 509,50 -> 509,53
539,105 -> 539,98 -> 539,105 -> 541,105 -> 541,100 -> 541,105 -> 543,105 -> 543,103 -> 543,105 -> 545,105 -> 545,101 -> 545,105 -> 547,105 -> 547,95 -> 547,105 -> 549,105 -> 549,104 -> 549,105 -> 551,105 -> 551,99 -> 551,105 -> 553,105 -> 553,97 -> 553,105 -> 555,105 -> 555,96 -> 555,105
547,116 -> 552,116
504,19 -> 504,23 -> 503,23 -> 503,31 -> 512,31 -> 512,23 -> 507,23 -> 507,19
539,150 -> 539,152 -> 534,152 -> 534,159 -> 544,159 -> 544,152 -> 543,152 -> 543,150
539,105 -> 539,98 -> 539,105 -> 541,105 -> 541,100 -> 541,105 -> 543,105 -> 543,103 -> 543,105 -> 545,105 -> 545,101 -> 545,105 -> 547,105 -> 547,95 -> 547,105 -> 549,105 -> 549,104 -> 549,105 -> 551,105 -> 551,99 -> 551,105 -> 553,105 -> 553,97 -> 553,105 -> 555,105 -> 555,96 -> 555,105
504,19 -> 504,23 -> 503,23 -> 503,31 -> 512,31 -> 512,23 -> 507,23 -> 507,19
527,147 -> 527,139 -> 527,147 -> 529,147 -> 529,142 -> 529,147 -> 531,147 -> 531,138 -> 531,147 -> 533,147 -> 533,137 -> 533,147 -> 535,147 -> 535,140 -> 535,147 -> 537,147 -> 537,146 -> 537,147 -> 539,147 -> 539,142 -> 539,147 -> 541,147 -> 541,140 -> 541,147
527,147 -> 527,139 -> 527,147 -> 529,147 -> 529,142 -> 529,147 -> 531,147 -> 531,138 -> 531,147 -> 533,147 -> 533,137 -> 533,147 -> 535,147 -> 535,140 -> 535,147 -> 537,147 -> 537,146 -> 537,147 -> 539,147 -> 539,142 -> 539,147 -> 541,147 -> 541,140 -> 541,147
539,105 -> 539,98 -> 539,105 -> 541,105 -> 541,100 -> 541,105 -> 543,105 -> 543,103 -> 543,105 -> 545,105 -> 545,101 -> 545,105 -> 547,105 -> 547,95 -> 547,105 -> 549,105 -> 549,104 -> 549,105 -> 551,105 -> 551,99 -> 551,105 -> 553,105 -> 553,97 -> 553,105 -> 555,105 -> 555,96 -> 555,105
536,172 -> 536,168 -> 536,172 -> 538,172 -> 538,164 -> 538,172 -> 540,172 -> 540,168 -> 540,172 -> 542,172 -> 542,163 -> 542,172 -> 544,172 -> 544,164 -> 544,172 -> 546,172 -> 546,171 -> 546,172 -> 548,172 -> 548,165 -> 548,172 -> 550,172 -> 550,170 -> 550,172 -> 552,172 -> 552,170 -> 552,172
536,172 -> 536,168 -> 536,172 -> 538,172 -> 538,164 -> 538,172 -> 540,172 -> 540,168 -> 540,172 -> 542,172 -> 542,163 -> 542,172 -> 544,172 -> 544,164 -> 544,172 -> 546,172 -> 546,171 -> 546,172 -> 548,172 -> 548,165 -> 548,172 -> 550,172 -> 550,170 -> 550,172 -> 552,172 -> 552,170 -> 552,172
521,65 -> 521,67 -> 513,67 -> 513,72 -> 526,72 -> 526,67 -> 523,67 -> 523,65
518,76 -> 518,77 -> 530,77 -> 530,76
503,53 -> 503,50 -> 503,53 -> 505,53 -> 505,51 -> 505,53 -> 507,53 -> 507,52 -> 507,53 -> 509,53 -> 509,50 -> 509,53
541,88 -> 545,88
504,19 -> 504,23 -> 503,23 -> 503,31 -> 512,31 -> 512,23 -> 507,23 -> 507,19
536,172 -> 536,168 -> 536,172 -> 538,172 -> 538,164 -> 538,172 -> 540,172 -> 540,168 -> 540,172 -> 542,172 -> 542,163 -> 542,172 -> 544,172 -> 544,164 -> 544,172 -> 546,172 -> 546,171 -> 546,172 -> 548,172 -> 548,165 -> 548,172 -> 550,172 -> 550,170 -> 550,172 -> 552,172 -> 552,170 -> 552,172
555,122 -> 560,122
521,65 -> 521,67 -> 513,67 -> 513,72 -> 526,72 -> 526,67 -> 523,67 -> 523,65
527,147 -> 527,139 -> 527,147 -> 529,147 -> 529,142 -> 529,147 -> 531,147 -> 531,138 -> 531,147 -> 533,147 -> 533,137 -> 533,147 -> 535,147 -> 535,140 -> 535,147 -> 537,147 -> 537,146 -> 537,147 -> 539,147 -> 539,142 -> 539,147 -> 541,147 -> 541,140 -> 541,147
532,86 -> 536,86
539,150 -> 539,152 -> 534,152 -> 534,159 -> 544,159 -> 544,152 -> 543,152 -> 543,150
536,172 -> 536,168 -> 536,172 -> 538,172 -> 538,164 -> 538,172 -> 540,172 -> 540,168 -> 540,172 -> 542,172 -> 542,163 -> 542,172 -> 544,172 -> 544,164 -> 544,172 -> 546,172 -> 546,171 -> 546,172 -> 548,172 -> 548,165 -> 548,172 -> 550,172 -> 550,170 -> 550,172 -> 552,172 -> 552,170 -> 552,172
536,172 -> 536,168 -> 536,172 -> 538,172 -> 538,164 -> 538,172 -> 540,172 -> 540,168 -> 540,172 -> 542,172 -> 542,163 -> 542,172 -> 544,172 -> 544,164 -> 544,172 -> 546,172 -> 546,171 -> 546,172 -> 548,172 -> 548,165 -> 548,172 -> 550,172 -> 550,170 -> 550,172 -> 552,172 -> 552,170 -> 552,172
539,150 -> 539,152 -> 534,152 -> 534,159 -> 544,159 -> 544,152 -> 543,152 -> 543,150
550,113 -> 555,113
554,116 -> 559,116
521,65 -> 521,67 -> 513,67 -> 513,72 -> 526,72 -> 526,67 -> 523,67 -> 523,65
527,147 -> 527,139 -> 527,147 -> 529,147 -> 529,142 -> 529,147 -> 531,147 -> 531,138 -> 531,147 -> 533,147 -> 533,137 -> 533,147 -> 535,147 -> 535,140 -> 535,147 -> 537,147 -> 537,146 -> 537,147 -> 539,147 -> 539,142 -> 539,147 -> 541,147 -> 541,140 -> 541,147
514,60 -> 518,60
539,105 -> 539,98 -> 539,105 -> 541,105 -> 541,100 -> 541,105 -> 543,105 -> 543,103 -> 543,105 -> 545,105 -> 545,101 -> 545,105 -> 547,105 -> 547,95 -> 547,105 -> 549,105 -> 549,104 -> 549,105 -> 551,105 -> 551,99 -> 551,105 -> 553,105 -> 553,97 -> 553,105 -> 555,105 -> 555,96 -> 555,105
535,84 -> 539,84
521,65 -> 521,67 -> 513,67 -> 513,72 -> 526,72 -> 526,67 -> 523,67 -> 523,65
511,62 -> 515,62
503,53 -> 503,50 -> 503,53 -> 505,53 -> 505,51 -> 505,53 -> 507,53 -> 507,52 -> 507,53 -> 509,53 -> 509,50 -> 509,53
536,172 -> 536,168 -> 536,172 -> 538,172 -> 538,164 -> 538,172 -> 540,172 -> 540,168 -> 540,172 -> 542,172 -> 542,163 -> 542,172 -> 544,172 -> 544,164 -> 544,172 -> 546,172 -> 546,171 -> 546,172 -> 548,172 -> 548,165 -> 548,172 -> 550,172 -> 550,170 -> 550,172 -> 552,172 -> 552,170 -> 552,172
539,105 -> 539,98 -> 539,105 -> 541,105 -> 541,100 -> 541,105 -> 543,105 -> 543,103 -> 543,105 -> 545,105 -> 545,101 -> 545,105 -> 547,105 -> 547,95 -> 547,105 -> 549,105 -> 549,104 -> 549,105 -> 551,105 -> 551,99 -> 551,105 -> 553,105 -> 553,97 -> 553,105 -> 555,105 -> 555,96 -> 555,105
527,147 -> 527,139 -> 527,147 -> 529,147 -> 529,142 -> 529,147 -> 531,147 -> 531,138 -> 531,147 -> 533,147 -> 533,137 -> 533,147 -> 535,147 -> 535,140 -> 535,147 -> 537,147 -> 537,146 -> 537,147 -> 539,147 -> 539,142 -> 539,147 -> 541,147 -> 541,140 -> 541,147
529,80 -> 533,80
545,131 -> 549,131
503,53 -> 503,50 -> 503,53 -> 505,53 -> 505,51 -> 505,53 -> 507,53 -> 507,52 -> 507,53 -> 509,53 -> 509,50 -> 509,53
527,147 -> 527,139 -> 527,147 -> 529,147 -> 529,142 -> 529,147 -> 531,147 -> 531,138 -> 531,147 -> 533,147 -> 533,137 -> 533,147 -> 535,147 -> 535,140 -> 535,147 -> 537,147 -> 537,146 -> 537,147 -> 539,147 -> 539,142 -> 539,147 -> 541,147 -> 541,140 -> 541,147
504,19 -> 504,23 -> 503,23 -> 503,31 -> 512,31 -> 512,23 -> 507,23 -> 507,19
539,150 -> 539,152 -> 534,152 -> 534,159 -> 544,159 -> 544,152 -> 543,152 -> 543,150
536,172 -> 536,168 -> 536,172 -> 538,172 -> 538,164 -> 538,172 -> 540,172 -> 540,168 -> 540,172 -> 542,172 -> 542,163 -> 542,172 -> 544,172 -> 544,164 -> 544,172 -> 546,172 -> 546,171 -> 546,172 -> 548,172 -> 548,165 -> 548,172 -> 550,172 -> 550,170 -> 550,172 -> 552,172 -> 552,170 -> 552,172
554,110 -> 563,110
539,105 -> 539,98 -> 539,105 -> 541,105 -> 541,100 -> 541,105 -> 543,105 -> 543,103 -> 543,105 -> 545,105 -> 545,101 -> 545,105 -> 547,105 -> 547,95 -> 547,105 -> 549,105 -> 549,104 -> 549,105 -> 551,105 -> 551,99 -> 551,105 -> 553,105 -> 553,97 -> 553,105 -> 555,105 -> 555,96 -> 555,105
493,15 -> 493,16 -> 504,16 -> 504,15
529,88 -> 533,88
527,147 -> 527,139 -> 527,147 -> 529,147 -> 529,142 -> 529,147 -> 531,147 -> 531,138 -> 531,147 -> 533,147 -> 533,137 -> 533,147 -> 535,147 -> 535,140 -> 535,147 -> 537,147 -> 537,146 -> 537,147 -> 539,147 -> 539,142 -> 539,147 -> 541,147 -> 541,140 -> 541,147
536,134 -> 540,134
500,34 -> 500,37 -> 496,37 -> 496,40 -> 506,40 -> 506,37 -> 504,37 -> 504,34
520,86 -> 524,86]
[[[7,2],6,[8],[],[]]]

[[[10],0,0,[[0,9]]],[[0,4],[[2,9,1,3]],9],[2,[[]],[7,[0,8],8]],[6,[[6,9],10,[],[4,2],[0]]]]
[[8,[0,9]],[[2,6,8,[5],[8,1,1,9,4]],1,4],[[1,5],2]]

[[[10,[],9,7,6]],[1],[],[[8],10,[9],[]]]
[[[[9,7,7,7,0],[0,3,9,9,2],5],8,0,0],[],[[3,2,2,[2]],[2,[]],7],[[9,[7,8,9,9,10],[8,10]],6,10,[[]]],[]]

[[2]]
[[6]]